p_product
6879040
4291263
5392363
73500
9365398
5444383
46141
8502663
1129389
3746749
6663583
4247571
2100184917
3638812
3731498
397809
37522034
37874144
16462482
298993
7274775
26532229
27275785
31128011
31972591
3208660
33165207
33386516
3339582
346282
35801152
3632160
369393
3767680
37719365
37919620
38121741
38351762
3864480
3982091
4115438
4295860
436791
5062395
5226339
5281284
5283583
5296893
5297861
5300149
5305957
5316605
25257009
28308481
3216282
32437595
32764295
35334615
35334978
35900373
3655270
38031232
38121861
3818004
38297432
38491274
38810945
347131
35718632
3708498
37719367
15257606
158918
17860
18894929
190510
191962
2100204083
2100208681
2100215094
2100328350
1BR01UP
D3481A
2TB61AV
26R46US
2W9Q6EC
2X8J4EA
1Y3B9UW
